0 0.000005
1 0.000012
2 0.000020
3 0.000037
4 0.000051
5 0.000062
6 0.000092
7 0.000171
8 0.000187
9 0.000282
10 0.000349
11 0.000385
12 0.000415
13 0.000542
14 0.000559
15 0.000573
16 0.000627
17 0.000674
18 0.000773
19 0.000763
20 0.000828
21 0.000859
22 0.000901
23 0.001003
24 0.000993
25 0.001010
26 0.001046
27 0.001074
28 0.001169
29 0.001323
30 0.001267
31 0.001258
32 0.001321
33 0.001332
34 0.001359
35 0.001378
36 0.001455
37 0.001470
38 0.001494
39 0.001553
40 0.001582
41 0.001606
42 0.001678
43 0.001762
44 0.001771
45 0.001923
46 0.001803
47 0.001836
48 0.001999
49 0.002091
50 0.002079
51 0.002033
52 0.002035
53 0.002103
54 0.002095
55 0.002171
56 0.002177
57 0.002230
58 0.002326
59 0.002340
60 0.002447
61 0.002401
62 0.002660
63 0.002512
64 0.002479
65 0.002500
66 0.002562
67 0.002655
68 0.002677
69 0.002725
70 0.002742
71 0.002818
72 0.002904
73 0.002860
74 0.003170
75 0.002930
76 0.002983
77 0.003067
78 0.003025
79 0.003049
80 0.003178
81 0.003209
82 0.003211
83 0.003214
84 0.003681
85 0.003350
86 0.003305
87 0.003503
88 0.003443
89 0.003439
90 0.003583
91 0.003581
92 0.003845
93 0.003739
94 0.003710
95 0.003763
96 0.003714
97 0.003840
98 0.003874
99 0.003849
